85
0
6
238
159
239
319
158
78
1
3
3816
3817
3737
2
2
2911
2912
3
2
4343
4424
4
3
1522
1443
1523
5
5
5408
5487
5327
5407
5326
6
2
3600
3520
7
4
4712
4632
4631
4711
8
1
511
9
1
2386
10
1
6168
11
1
3993
12
3
5458
5298
5378
13
2
4201
4281
14
1
5957
15
1
1709
16
4
2281
2360
2361
2201
17
2
6063
6062
18
7
4466
4386
4465
4547
4385
4467
4546
19
2
1193
1194
20
2
3542
3461
21
4
4164
4323
4244
4243
22
2
339
259
23
4
2081
2082
2083
2162
24
1
3637
25
2
3198
3199
26
7
4878
4718
4716
4796
4798
4717
4797
27
2
3788
3866
28
1
939
29
2
5863
5943
30
5
3811
3732
3651
3731
3571
31
5
4658
4499
4739
4579
4659
32
1
4840
33
2
1693
1534
34
2
553
633
35
3
2457
2537
2536
36
2
3040
2960
37
1
644
38
2
6056
5976
39
1
6364
40
1
4377
41
1
3883
42
1
2973
43
1
678
44
2
2946
2867
45
1
6337
46
7
5411
5252
5331
5410
5412
5253
5332
47
1
3244
48
1
982
49
1
1830
50
4
2029
2109
2028
2027
51
3
3416
3417
3497
52
2
3782
3862
53
1
1130
54
2
2997
2996
55
1
2112
56
6
4553
4633
4472
4554
4634
4552
57
1
5576
58
1
4753
59
1
5292
60
1
5721
61
2
6278
6277
62
1
2089
63
3
4787
4706
4705
64
2
3631
3471
65
1
4116
66
4
4302
4464
4545
4383
67
1
4292
68
3
3834
3755
3754
69
3
4520
4521
4601
70
2
3565
3645
71
1
5319
72
1
4167
73
1
4814
74
2
4714
4635
75
1
6033
76
4
4469
4468
4388
4387
77
2
595
596
78
3
3442
3441
3440
79
2
4625
4544
80
1
1370
81
1
2195
82
1
3842
83
4
3896
3897
3976
3977
84
2
3629
3709
